
Loop 1 - 10
1
Loop 1 - 9
1
Loop 1 - 8
1
Loop 1 - 7
1
Loop 1 - 6
1
Loop 1 - 5
1
Loop 1 - 4
1
Loop 1 - 3
1
Loop 1 - 2
1
Loop 1 - 1
1
AVL;1;2
Loop 2 - 10
2       1
Loop 2 - 9
1       2
Loop 2 - 8
2       1
Loop 2 - 7
2       1
Loop 2 - 6
2       1
Loop 2 - 5
2       1
Loop 2 - 4
1       2
Loop 2 - 3
1       2
Loop 2 - 2
2       1
Loop 2 - 1
2       1
AVL;2;9
Loop 3 - 10
2       1       3
Loop 3 - 9
3       1       2
Loop 3 - 8
1       2       3
Loop 3 - 7
1       2       3
Loop 3 - 6
1       3       2
Loop 3 - 5
3       1       2
Loop 3 - 4
1       2       3
Loop 3 - 3
3       2       1
Loop 3 - 2
1       3       2
Loop 3 - 1
1       2       3
AVL;3;27
Loop 4 - 10
4       2       3       1
Loop 4 - 9
4       3       1       2
Loop 4 - 8
3       2       1       4
Loop 4 - 7
3       2       4       1
Loop 4 - 6
3       1       2       4
Loop 4 - 5
4       3       1       2
Loop 4 - 4
1       4       2       3
Loop 4 - 3
4       2       3       1
Loop 4 - 2
1       4       2       3
Loop 4 - 1
1       4       2       3
AVL;4;41
Loop 5 - 10
1       3       4       2       5
Loop 5 - 9
2       1       3       4       5
Loop 5 - 8
2       1       3       4       5
Loop 5 - 7
2       1       3       5       4
Loop 5 - 6
5       2       1       3       4
Loop 5 - 5
1       3       5       4       2
Loop 5 - 4
3       5       4       1       2
Loop 5 - 3
5       4       3       2       1
Loop 5 - 2
5       1       3       4       2
Loop 5 - 1
4       3       5       1       2
AVL;5;60
Loop 6 - 10
5       1       4       2       6       3
Loop 6 - 9
2       3       6       1       4       5
Loop 6 - 8
1       3       4       2       5       6
Loop 6 - 7
3       6       4       2       5       1
Loop 6 - 6
4       6       5       1       3       2
Loop 6 - 5
3       5       1       2       6       4
Loop 6 - 4
3       2       1       4       5       6
Loop 6 - 3
1       2       6       3       5       4
Loop 6 - 2
4       1       3       6       5       2
Loop 6 - 1
1       2       4       6       5       3
AVL;6;89
Loop 7 - 10
1       2       3       5       6       7       4
Loop 7 - 9
7       2       1       3       5       4       6
Loop 7 - 8
1       2       5       3       4       6       7
Loop 7 - 7
1       2       6       7       4       5       3
Loop 7 - 6
7       2       6       4       5       1       3
Loop 7 - 5
1       2       3       5       4       6       7
Loop 7 - 4
1       7       2       3       4       6       5
Loop 7 - 3
4       6       2       5       7       3       1
Loop 7 - 2
7       3       4       2       1       6       5
Loop 7 - 1
1       2       3       6       4       7       5
AVL;7;117
Loop 8 - 10
1       5       3       4       2       6       8       7
Loop 8 - 9
7       5       6       4       3       8       1       2
Loop 8 - 8
8       3       1       6       4       2       7       5
Loop 8 - 7
1       3       2       4       7       5       6       8
Loop 8 - 6
6       3       4       5       2       1       7       8
Loop 8 - 5
4       1       8       3       2       7       6       5
Loop 8 - 4
3       4       5       2       1       7       6       8
Loop 8 - 3
6       1       5       8       3       7       4       2
Loop 8 - 2
2       6       8       7       5       4       1       3
Loop 8 - 1
6       5       2       8       3       4       1       7
AVL;8;134
Loop 9 - 10
7       8       2       9       1       6       5       4       3
Loop 9 - 9
1       2       3       4       7       6       5       8       9
Loop 9 - 8
7       6       8       5       1       2       3       9       4
Loop 9 - 7
7       1       3       2       4       9       6       8       5
Loop 9 - 6
9       3       6       8       7       5       1       2       4
Loop 9 - 5
3       6       8       5       7       2       4       9       1
Loop 9 - 4
4       3       8       5       6       9       7       2       1
Loop 9 - 3
4       6       5       3       1       2       9       7       8
Loop 9 - 2
2       7       5       6       1       4       3       8       9
Loop 9 - 1
4       3       5       6       9       2       8       7       1
AVL;9;163
Loop 10 - 10
7       1       6       5       2       9       4       8       10      3
Loop 10 - 9
7       8       6       9       10      4       1       5       2       3
Loop 10 - 8
2       1       7       6       9       10      8       4       5       3
Loop 10 - 7
2       8       1       10      9       4       7       6       5       3
Loop 10 - 6
1       6       4       2       7       3       5       9       10      8
Loop 10 - 5
1       5       7       2       3       4       9       6       8       10
Loop 10 - 4
7       6       8       9       10      1       3       5       2       4
Loop 10 - 3
4       3       5       2       7       1       10      6       8       9
Loop 10 - 2
3       6       8       9       5       4       7       1       10      2
Loop 10 - 1
2       8       7       6       1       10      9       5       4       3
AVL;10;195
Loop 11 - 10
4       9       10      3       7       6       5       11      8       2       1
Loop 11 - 9
4       1       6       2       5       3       9       11      8       10      7
Loop 11 - 8
6       11      4       7       9       3       1       8       2       10      5
Loop 11 - 7
3       6       5       8       10      9       7       11      4       2       1
Loop 11 - 6
4       7       1       6       8       2       5       9       3       11      10
Loop 11 - 5
11      5       2       3       4       1       7       10      6       8       9
Loop 11 - 4
3       11      5       9       2       4       10      1       6       7       8
Loop 11 - 3
5       4       6       9       8       3       1       10      2       7       11
Loop 11 - 2
9       1       10      11      3       6       8       7       2       4       5
Loop 11 - 1
11      6       4       8       3       7       5       10      9       2       1
AVL;11;234
Loop 12 - 10
7       12      8       11      1       3       9       10      4       2       6       5
Loop 12 - 9
4       11      8       12      2       3       10      7       5       1       6       9
Loop 12 - 8
8       7       4       6       9       3       10      12      11      1       2       5
Loop 12 - 7
4       11      6       9       1       8       2       7       12      10      5       3
Loop 12 - 6
10      6       12      8       11      9       1       3       2       5       7       4
Loop 12 - 5
4       12      6       11      3       10      5       7       1       2       9       8
Loop 12 - 4
11      9       3       10      4       2       6       5       1       12      7       8
Loop 12 - 3
7       12      4       1       8       11      10      3       9       2       6       5
Loop 12 - 2
3       4       8       9       2       7       6       5       1       10      12      11
Loop 12 - 1
10      3       9       1       6       2       5       12      4       7       11      8
AVL;12;268
Loop 13 - 10
7       9       10      5       6       4       2       1       8       3       11      13      12
Loop 13 - 9
5       3       12      10      11      8       2       13      1       9       6       4       7
Loop 13 - 8
12      6       4       5       3       2       1       13      9       11      10      7       8
Loop 13 - 7
5       1       4       10      7       6       11      8       2       13      9       12      3
Loop 13 - 6
7       4       13      8       12      11      1       3       6       9       10      5       2
Loop 13 - 5
1       13      11      3       4       7       5       9       2       6       8       10      12
Loop 13 - 4
8       4       11      1       5       2       3       7       9       6       10      12      13
Loop 13 - 3
9       6       7       3       8       10      2       4       1       5       11      13      12
Loop 13 - 2
13      9       12      4       5       11      3       10      2       7       1       8       6
Loop 13 - 1
7       5       10      8       13      3       2       12      9       11      6       4       1
AVL;13;308
Loop 14 - 10
6       1       8       7       13      3       4       9       14      2       12      5       11      10
Loop 14 - 9
11      13      8       7       3       1       2       6       14      12      10      4       5       9
Loop 14 - 8
7       2       4       3       10      8       1       9       6       14      5       13      11      12
Loop 14 - 7
13      4       1       6       8       2       9       11      12      10      7       5       3       14
Loop 14 - 6
6       11      10      8       4       5       9       12      7       2       3       1       14      13
Loop 14 - 5
2       5       4       3       8       1       7       11      9       10      12      6       13      14
Loop 14 - 4
4       5       1       13      11      2       8       12      6       9       14      3       7       10
Loop 14 - 3
1       8       11      13      4       5       14      10      6       7       12      9       2       3
Loop 14 - 2
8       10      2       1       6       3       13      14      7       5       11      4       9       12
Loop 14 - 1
10      5       12      4       1       2       7       9       6       8       3       13      11      14
AVL;14;337
Loop 15 - 10
7       10      11      4       5       3       12      2       9       8       6       13      1       15      14
Loop 15 - 9
4       1       9       2       6       14      5       7       8       3       15      12      13      11      10
Loop 15 - 8
6       7       9       4       5       13      15      14      8       12      2       11      1       10      3
Loop 15 - 7
14      8       1       4       10      2       6       7       11      15      3       9       5       12      13
Loop 15 - 6
1       13      12      3       2       11      15      7       4       14      5       10      6       9       8
Loop 15 - 5
8       9       2       1       13      7       12      3       15      5       14      4       6       10      11
Loop 15 - 4
1       2       5       4       3       6       7       11      12      14      15      10      13      8       9
Loop 15 - 3
10      4       14      7       2       13      9       12      15      1       3       6       8       5       11
Loop 15 - 2
4       1       5       13      3       6       9       7       8       2       10      15      14      11      12
Loop 15 - 1
1       3       4       10      12      15      14      13      11      8       9       6       2       5       7
AVL;15;385
Loop 16 - 10
11      10      16      14      13      6       4       2       1       12      3       8       9       5       15      7
Loop 16 - 9
2       3       4       9       6       11      10      7       8       1       5       12      13      16      14      15
Loop 16 - 8
10      4       5       3       12      13      11      9       14      16      15      1       6       2       7       8
Loop 16 - 7
10      9       11      12      13      14      4       3       2       5       1       15      16      8       6       7
Loop 16 - 6
12      10      4       1       11      5       9       13      2       14      16      6       8       3       7       15
Loop 16 - 5
12      2       1       9       3       4       6       5       8       7       10      11      15      16      13      14
Loop 16 - 4
12      14      13      6       15      16      10      8       3       1       5       9       11      7       2       4
Loop 16 - 3
10      6       14      11      7       9       2       5       12      15      8       1       4       13      3       16
Loop 16 - 2
11      2       1       12      7       10      14      3       13      4       6       8       9       5       15      16
Loop 16 - 1
2       4       11      3       6       1       5       13      12      7       9       10      8       14      16      15
AVL;16;453
Loop 17 - 10
14      1       4       8       10      5       13      2       17      3       11      12      7       6       9       16      15
Loop 17 - 9
8       9       7       13      14      11      6       4       16      2       5       1       12      17      15      3       10
Loop 17 - 8
14      13      7       1       4       6       8       3       2       11      17      5       10      9       12      15      16
Loop 17 - 7
9       17      12      11      15      10      2       13      16      14      3       1       6       5       4       7       8
Loop 17 - 6
1       2       15      4       16      3       8       5       6       7       17      13      9       12      11      14      10
Loop 17 - 5
10      8       13      7       11      1       12      3       4       15      6       5       14      9       2       16      17
Loop 17 - 4
8       9       13      15      4       6       7       10      12      11      5       14      16      17      3       2       1
Loop 17 - 3
12      11      9       15      10      14      17      16      5       1       13      4       2       6       8       3       7
Loop 17 - 2
13      7       14      10      1       8       2       11      4       15      12      3       17      16      6       9       5
Loop 17 - 1
14      13      4       11      16      12      3       17      15      10      9       1       6       2       5       8       7
AVL;17;476
Loop 18 - 10
15      12      14      13      3       16      11      6       17      10      18      4       7       5       2       8       9       1
Loop 18 - 9
15      10      1       16      6       3       14      11      5       8       12      9       7       17      2       4       18      13
Loop 18 - 8
2       11      1       10      18      6       4       12      5       3       7       8       13      9       14      16      17      15
Loop 18 - 7
14      16      10      4       7       17      18      11      1       15      2       12      5       8       9       6       13      3
Loop 18 - 6
10      4       1       9       18      14      6       11      2       13      12      7       8       15      5       16      17      3
Loop 18 - 5
7       2       1       3       4       5       10      8       11      14      12      16      6       9       13      15      18      17
Loop 18 - 4
1       14      17      11      2       15      9       3       4       16      10      5       18      12      8       7       13      6
Loop 18 - 3
15      1       5       18      13      12      2       14      6       10      16      7       11      3       17      4       9       8
Loop 18 - 2
15      5       10      16      2       17      14      18      6       13      11      12      7       1       4       9       8       3
Loop 18 - 1
14      15      2       17      16      7       8       9       3       18      11      13      10      12      4       1       6       5
AVL;18;544
Loop 19 - 10
2       16      11      13      7       5       6       15      8       14      10      19      4       12      17      18      1       3       9
Loop 19 - 9
13      16      2       6       9       14      18      17      15      8       3       12      19      10      1       5       11      7       4
Loop 19 - 8
17      18      5       16      15      8       4       14      3       12      19      11      10      6       13      2       1       9       7
Loop 19 - 7
6       5       12      7       2       9       10      11      3       8       13      1       18      14      4       16      15      17      19
Loop 19 - 6
8       12      14      16      9       15      18      4       13      17      11      3       10      19      1       2       7       6       5
Loop 19 - 5
5       15      2       19      18      10      17      11      6       12      14      13      3       16      7       9       1       8       4
Loop 19 - 4
12      13      16      4       2       3       1       15      9       5       18      14      6       11      10      8       19      7       17
Loop 19 - 3
8       5       9       11      6       7       15      3       10      1       12      2       13      14      4       19      16      18      17
Loop 19 - 2
18      19      14      15      4       5       1       11      16      17      9       6       10      12      8       13      7       2       3
Loop 19 - 1
4       10      14      12      16      5       15      3       6       17      19      2       1       18      8       7       13      11      9
AVL;19;559
Loop 20 - 10
16      4       18      8       7       13      19      20      15      2       5       6       11      17      3       1       14      9       10      12
Loop 20 - 9
4       1       12      16      6       17      13      8       18      11      15      9       2       10      14      19      20      7       5       3
Loop 20 - 8
16      8       19      17      20      9       18      7       13      11      12      15      10      14      6       5       3       2       1       4
Loop 20 - 7
19      11      12      10      14      15      1       4       5       16      13      17      2       6       8       7       20      9       18      3
Loop 20 - 6
13      3       17      1       15      8       10      16      9       18      20      19      6       14      7       11      5       12      4       2
Loop 20 - 5
11      5       12      14      3       17      8       15      1       13      9       6       18      4       2       7       16      19      10      20
Loop 20 - 4
18      9       8       17      16      10      13      7       20      3       19      14      15      11      6       12      1       2       5       4
Loop 20 - 3
17      13      18      16      1       15      6       14      11      2       19      7       3       5       20      12      4       10      9       8
Loop 20 - 2
12      7       3       19      11      9       18      17      5       16      6       2       13      1       4       10      8       20      15      14
Loop 20 - 1
15      10      14      13      18      5       12      7       20      16      11      19      6       9       3       17      2       8       1       4
AVL;20;619
Loop 21 - 10
21      8       16      11      7       12      15      6       14      1       20      13      3       2       19      10      17      9       18      5       4
Loop 21 - 9
12      20      6       11      16      19      7       17      1       18      13      2       14      21      8       15      10      5       3       9       4
Loop 21 - 8
16      11      13      20      2       8       9       6       4       18      17      21      7       14      1       15      12      10      5       19      3
Loop 21 - 7
7       6       3       13      8       15      10      19      1       9       5       2       20      17      4       18      12      14      16      11      21
Loop 21 - 6
13      12      7       20      8       4       21      10      14      3       11      2       5       1       9       15      19      17      16      6       18
Loop 21 - 5
13      18      4       11      8       10      15      12      17      1       14      9       16      6       20      5       2       7       3       19      21
Loop 21 - 4
6       2       7       20      10      8       9       4       21      11      17      1       12      14      5       3       16      13      19      18      15
Loop 21 - 3
8       11      7       3       12      19      18      16      5       2       15      1       4       10      17      6       14      9       13      21      20
Loop 21 - 2
1       17      20      11      3       9       12      2       8       5       13      10      6       4       7       18      16      14      15      21      19
Loop 21 - 1
20      6       11      8       12      1       7       14      16      13      18      5       9       17      2       19      15      10      21      3       4
AVL;21;685
Loop 22 - 10
22      12      3       6       7       21      20      19      11      2       1       16      13      15      4       5       10      18      9       14      8    17
Loop 22 - 9
22      21      7       6       13      14      2       10      15      5       3       12      17      16      9       20      1       19      11      18      8    4
Loop 22 - 8
2       7       15      9       21      20      1       14      22      3       17      16      18      19      12      6       13      5       4       8       10   11
Loop 22 - 7
3       20      10      4       9       8       21      1       13      18      22      7       12      17      2       11      5       6       19      16      15   14
Loop 22 - 6
14      10      16      12      2       11      13      15      1       18      5       22      4       20      21      8       9       19      3       17      7    6
Loop 22 - 5
12      13      7       4       15      16      11      10      9       22      6       8       1       5       2       3       14      20      17      21      18   19
Loop 22 - 4
8       5       17      18      14      15      1       19      16      13      12      22      11      2       7       4       10      21      20      9       3    6
Loop 22 - 3
12      13      8       11      14      16      2       6       15      1       18      9       5       4       20      10      7       19      3       17      21   22
Loop 22 - 2
13      22      19      6       12      15      16      3       5       8       11      2       4       1       7       18      17      10      14      20      9    21
Loop 22 - 1
14      19      2       15      21      6       7       22      12      20      1       11      3       13      16      18      5       17      4       8       9    10
AVL;22;713
Loop 23 - 10
3       16      7       18      5       8       11      6       10      9       2       22      4       1       12      15      20      13      23      21      19   17       14
Loop 23 - 9
3       16      5       1       4       2       21      12      20      7       15      10      9       14      17      6       11      13      8       23      22   19       18
Loop 23 - 8
20      6       19      21      12      5       18      7       2       8       1       17      3       15      10      4       14      9       11      16      13   22       23
Loop 23 - 7
7       1       12      15      8       9       16      5       14      13      2       6       10      4       11      17      3       23      21      20      22   19       18
Loop 23 - 6
14      4       9       13      2       17      1       22      5       3       16      6       12      15      7       10      8       23      11      21      19   20       18
Loop 23 - 5
7       22      21      23      19      2       4       1       3       8       12      5       10      6       20      9       18      11      14      17      15   16       13
Loop 23 - 4
22      21      6       1       3       12      8       9       15      2       23      7       20      16      17      11      4       5       14      13      19   10       18
Loop 23 - 3
17      20      9       10      2       12      14      1       3       23      11      13      16      5       6       4       21      7       8       15      18   22       19
Loop 23 - 2
13      14      12      23      17      16      1       5       18      2       6       15      3       4       22      21      19      7       8       10      9    20       11
Loop 23 - 1
18      9       6       1       21      8       13      20      14      5       3       22      19      7       11      23      10      4       12      2       16   17       15
AVL;23;797
Loop 24 - 10
24      1       9       14      7       11      2       4       16      13      3       15      5       6       10      12      8       18      17      19      22   23       20      21
Loop 24 - 9
1       19      23      14      16      21      3       20      11      24      6       22      10      17      18      2       13      4       15      7       5    12       9       8
Loop 24 - 8
4       7       13      6       9       10      11      8       5       1       2       12      3       22      14      16      24      19      15      17      18   23       21      20
Loop 24 - 7
3       22      16      13      5       18      17      15      1       14      2       6       8       24      7       19      23      10      9       20      21   12       11      4
Loop 24 - 6
6       14      5       16      13      4       3       17      7       1       19      9       8       2       18      11      12      15      23      10      21   20       24      22
Loop 24 - 5
22      20      19      10      11      1       17      21      23      4       24      12      16      2       13      3       18      15      8       14      5    97       6
Loop 24 - 4
8       18      23      2       19      3       17      9       7       4       20      5       16      12      13      11      24      6       21      1       10   22       14      15
Loop 24 - 3
4       13      16      1       3       9       5       10      12      7       11      6       2       8       19      20      21      22      24      23      14   15       17      18
Loop 24 - 2
19      24      22      20      1       5       11      7       21      3       2       10      8       16      4       13      6       12      9       23      15   18       17      14
Loop 24 - 1
13      17      1       24      22      10      23      16      14      3       18      15      20      19      21      5       11      7       6       2       12   49       8
AVL;24;900
Loop 25 - 10
19      4       17      14      18      21      20      11      16      9       12      7       6       3       13      8       15      1       25      10      2    24       22      5       23
Loop 25 - 9
25      6       2       19      7       1       24      9       13      22      8       12      11      16      14      20      23      4       17      3       21   15       5       10      18
Loop 25 - 8
14      1       2       13      15      5       19      12      20      17      6       16      18      3       4       25      24      21      23      22      10   811      9       7
Loop 25 - 7
11      2       8       13      3       17      1       10      19      5       14      12      9       21      7       4       22      6       15      20      23   24       16      18      25
Loop 25 - 6
9       2       24      1       16      18      10      22      25      23      3       14      17      15      20      7       12      4       6       13      8    11       21      19      5
Loop 25 - 5
19      13      20      1       15      21      23      11      25      9       12      7       18      16      22      10      14      17      6       8       24   54       3       2
Loop 25 - 4
5       19      9       22      6       17      4       1       18      10      14      21      13      7       8       11      2       12      20      15      3    16       25      23      24
Loop 25 - 3
7       19      11      12      20      1       2       13      3       10      21      4       15      14      5       23      24      9       25      17      8    622      16      18
Loop 25 - 2
24      17      15      3       7       2       19      9       8       25      1       4       22      23      6       5       10      20      12      14      13   11       21      18      16
Loop 25 - 1
1       21      6       20      22      12      17      19      16      3       15      13      23      25      9       14      24      18      10      4       11   28       7       5
AVL;25;946
Loop 26 - 10
20      22      10      1       2       21      17      11      18      13      12      26      14      19      23      15      8       24      16      25      7    93       5       4       6
Loop 26 - 9
22      19      11      1       23      18      13      5       4       7       12      24      10      2       14      17      9       3       6       8       25   15       16      21      20      26
Loop 26 - 8
1       15      4       22      3       21      2       23      17      20      12      14      19      16      25      9       24      18      5       26      13   86       10      11      7
Loop 26 - 7
12      22      6       17      21      10      8       9       25      26      4       5       2       13      19      15      23      7       18      1       3    11       20      16      24      14
Loop 26 - 6
17      13      24      10      7       20      12      16      15      9       14      22      8       23      25      11      5       19      21      4       6    31       26      2       18
Loop 26 - 5
21      13      14      7       4       16      9       8       24      10      19      23      15      17      18      5       6       12      25      22      26   13       20      2       11
Loop 26 - 4
23      11      6       4       12      19      15      22      5       7       8       25      9       24      10      13      1       2       3       21      26   20       16      18      17      14
Loop 26 - 3
11      5       21      3       2       22      10      26      12      15      6       14      13      7       4       17      1       9       8       19      18   16       25      20      23      24
Loop 26 - 2
17      22      12      5       20      11      24      4       23      3       25      14      13      19      18      6       1       10      9       16      15   26       8       7       21      2
Loop 26 - 1
25      5       14      22      3       11      26      17      10      8       2       6       1       23      21      7       24      9       16      4       13   20       12      15      19      18
AVL;26;989
Loop 27 - 10
4       5       1       15      19      6       3       26      10      2       16      11      7       17      8       12      13      9       14      24      18   20       25      22      21      23      27
Loop 27 - 9
18      22      14      17      8       26      15      21      25      13      4       10      27      16      12      11      1       24      9       20      23   19       5       6       7       2       3
Loop 27 - 8
19      22      7       2       23      6       9       12      14      1       4       3       26      24      10      5       21      16      25      15      27   13       11      20      8       18      17
Loop 27 - 7
20      21      2       14      1       15      22      8       6       27      19      23      24      16      25      17      3       5       13      26      4    10       18      9       7       12      11
Loop 27 - 6
7       8       5       27      14      9       4       21      11      15      6       18      1       22      10      3       2       20      26      13      12   17       16      24      25      19      23
Loop 27 - 5
3       24      1       4       2       5       17      8       18      27      13      14      25      7       6       20      10      19      9       12      11   16       15      21      26      22      23
Loop 27 - 4
1       25      3       8       15      4       21      14      7       12      10      23      9       22      27      11      13      24      26      2       5    18       17      6       16      19      20
Loop 27 - 3
4       5       6       17      26      20      14      24      15      7       16      18      27      8       19      3       22      1       25      21      23   29       11      10      13      12
Loop 27 - 2
3       7       2       13      17      21      26      20      23      10      18      11      1       4       14      9       22      19      8       27      5    25       6       24      12      16      15
Loop 27 - 1
4       6       2       21      5       25      1       23      10      3       9       8       11      27      19      12      7       26      16      20      13   24       22      17      18      14      15
AVL;27;1049
Loop 28 - 10
23      26      12      1       16      2       24      11      10      13      5       28      17      4       3       7       14      8       15      22      27   96       19      20      21      18      25
Loop 28 - 9
24      15      10      14      8       18      4       19      5       28      21      3       16      9       11      12      26      22      20      25      7    27       17      13      6       2       1       23
Loop 28 - 8
22      6       24      1       19      23      5       2       3       28      21      25      4       7       11      26      27      12      20      9       10   18       15      16      17      14      8       13
Loop 28 - 7
14      16      28      15      19      23      17      21      18      1       2       27      24      4       7       25      22      5       6       3       11   13       20      26      8       12      9       10
Loop 28 - 6
27      3       21      9       22      25      23      20      26      6       19      1       14      13      10      2       16      7       28      4       24   58       12      18      11      15      17
Loop 28 - 5
14      13      12      6       26      11      17      20      8       25      7       3       9       10      4       5       1       2       15      21      27   28       23      24      22      19      16      18
Loop 28 - 4
22      7       10      2       23      3       18      13      12      21      17      6       4       27      5       9       14      19      1       24      8    11       20      25      26      28      16      15
Loop 28 - 3
14      24      22      1       23      7       26      5       25      13      20      28      3       4       6       21      11      2       18      9       27   819      12      15      16      10      17
Loop 28 - 2
28      10      7       26      8       9       20      24      3       11      12      23      14      13      22      15      16      25      6       4       5    117      21      27      18      2       19
Loop 28 - 1
19      15      9       11      13      10      18      8       2       22      14      5       27      16      1       24      17      6       12      7       20   34       21      28      25      26      23
AVL;28;1098
Loop 29 - 10
22      18      21      17      15      28      10      6       16      5       23      9       4       7       29      19      1       26      20      24      12   11       25      3       27      2       8       14      13
Loop 29 - 9
21      4       8       25      2       17      24      27      9       22      14      13      10      23      29      6       15      11      16      19      28   12       18      5       1       20      7       3       26
Loop 29 - 8
13      14      18      24      12      17      25      15      20      16      19      10      21      22      11      23      7       27      29      4       28   26       8       1       2       9       3       6       5
Loop 29 - 7
9       8       6       1       18      15      3       14      28      23      2       13      4       5       26      29      12      17      22      11      7    10       16      27      19      21      20      25      24
Loop 29 - 6
8       11      25      4       21      1       29      3       14      13      28      5       15      27      26      10      7       6       16      17      12   923      22      2       19      24      18      20
Loop 29 - 5
20      3       15      10      12      14      8       16      17      18      4       2       5       1       7       6       11      9       13      21      19   27       23      29      26      25      24      28      22
Loop 29 - 4
9       3       14      15      21      11      26      23      2       6       1       12      8       7       20      28      29      5       22      4       18   17       27      13      10      19      25      16      24
Loop 29 - 3
15      26      9       25      10      17      16      12      4       2       3       18      13      21      19      1       22      8       29      27      5    20       28      6       24      11      7       23      14
Loop 29 - 2
28      6       26      1       7       15      8       10      3       2       16      9       22      18      11      17      13      23      5       12      21   27       20      29      25      19      4       24      14
Loop 29 - 1
23      17      26      12      11      21      28      14      1       2       3       25      9       13      10      22      4       16      29      8       7    524      20      6       18      19      27      15
AVL;29;1243
Loop 30 - 10
1       27      23      2       3       30      20      4       14      24      22      6       7       18      25      15      5       26      11      29      13   810      12      9       16      21      28      19      17
Loop 30 - 9
16      7       9       18      3       2       6       17      24      12      23      25      21      26      20      19      22      27      5       15      14   13       4       30      28      1       29      8       10      11
Loop 30 - 8
16      21      6       15      28      1       17      2       30      27      24      29      4       5       19      7       26      18      22      23      25   314      12      20      13      10      9       8       11
Loop 30 - 7
7       22      1       17      16      10      13      30      18      25      27      26      6       28      9       14      11      29      4       5       20   15       12      21      19      8       3       2       24      23
Loop 30 - 6
25      27      18      19      16      28      17      21      29      6       23      24      30      7       26      15      8       9       20      22      10   11       5       14      13      12      4       1       2       3
Loop 30 - 5
14      22      26      25      17      4       12      1       15      8       30      16      5       18      29      27      13      23      10      28      9    324      20      11      19      6       7       21      2
Loop 30 - 4
15      13      25      14      4       20      24      12      9       21      26      8       22      19      11      3       2       18      10      30      7    65       28      29      1       27      23      17      16
Loop 30 - 3
9       30      24      7       1       2       8       10      27      3       4       6       5       18      21      22      28      11      14      13      26   12       15      29      25      17      20      16      19      23
Loop 30 - 2
28      11      13      12      27      21      9       14      2       20      15      26      22      8       10      6       29      3       30      7       23   25       5       24      4       19      1       17      16      18
Loop 30 - 1
26      19      28      29      1       15      8       3       5       21      16      6       2       24      10      4       30      11      23      12      22   17       7       20      14      9       13      18      27      25
AVL;30;1269
Loop 31 - 10
30      14      21      15      19      1       25      9       22      12      2       8       16      24      20      10      31      11      17      3       6    13       4       5       7       23      18      29      28      27      26
Loop 31 - 9
28      16      12      20      24      27      23      21      29      26      15      18      14      25      22      13      17      8       9       5       30   17       3       6       19      10      11      31      2       4
Loop 31 - 8
22      20      25      12      27      13      10      3       7       6       31      30      24      4       14      15      19      1       5       18      8    926      11      28      2       29      16      17      21      23
Loop 31 - 7
18      13      6       20      7       2       4       15      26      19      5       17      1       3       23      8       9       24      25      10      11   27       12      16      14      22      29      31      21      30      28
Loop 31 - 6